各杆力为：
12号杆的力是-1.652792 , 0.000000 , 0.000000 , 1.652792 , 0.000000 , 0.000000 , 
23号杆的力是-2.831759 , 0.000000 , 0.000000 , 2.831759 , 0.000000 , 0.000000 , 
14号杆的力是6.956022 , 0.000000 , 0.000000 , -6.956022 , -0.000000 , 0.000000 , 
42号杆的力是7.232479 , -0.000000 , 0.000000 , -7.232479 , 0.000000 , 0.000000 , 
25号杆的力是-5.267538 , 0.000000 , 0.000000 , 5.267538 , -0.000000 , 0.000000 , 
53号杆的力是-3.890219 , 0.000000 , 0.000000 , 3.890219 , -0.000000 , 0.000000 , 
45号杆的力是3.015499 , 0.000000 , 0.000000 , -3.015499 , 0.000000 , 0.000000 , 
15号杆的力是2.712998 , 0.000000 , 0.000000 , -2.712998 , -0.000000 , 0.000000 , 
43号杆的力是-0.544557 , 0.000000 , 0.000000 , 0.544557 , -0.000000 , 0.000000 , 

各结点力为：
结点1力：5.0000000000000036  ,  6.666663264552428  ,  0.0
结点2力：-2.007421404196946e-15  ,  -10.0  ,  0.0
结点3力：2.4132600056893422e-17  ,  3.333336735447573  ,  0.0
结点4力：-5.000000000000002  ,  -2.886579864025407e-15  ,  0.0
结点5力：3.0175420482932735e-15  ,  2.4135020027523963e-15  ,  0.0

各结点位移为：
结点1位移：(0.0  ,  0.0  ,  0.0)
结点2位移：(4.958374903164044  ,  -46.849458040258654  ,  0.0)
结点3位移：(13.453652682335367  ,  0.0  ,  0.0)
结点4位移：(5.335118230334764  ,  -24.869440201406732  ,  0.0)
结点5位移：(-3.711377630864309  ,  -24.544490245654266  ,  0.0)

总刚度矩阵为：
0.652907  ,  0.275366  ,  0.000000  ,  -0.333333  ,  0.000000  ,  0.000000  ,  0.000000  ,  0.000000  ,  0.000000  ,  -0.150001  ,  -0.200000  ,  0.000000  ,  -0.169573  ,  -0.075366  ,  0.000000  ,  1
0.275366  ,  0.300162  ,  0.000000  ,  0.000000  ,  0.000000  ,  0.000000  ,  0.000000  ,  0.000000  ,  0.000000  ,  -0.200000  ,  -0.266666  ,  0.000000  ,  -0.075366  ,  -0.033496  ,  0.000000  ,  2
0.000000  ,  0.000000  ,  0.000000  ,  0.000000  ,  0.000000  ,  0.000000  ,  0.000000  ,  0.000000  ,  0.000000  ,  0.000000  ,  0.000000  ,  0.000000  ,  0.000000  ,  0.000000  ,  0.000000  ,  3
-0.333333  ,  0.000000  ,  0.000000  ,  0.966668  ,  0.000000  ,  0.000000  ,  -0.333333  ,  0.000000  ,  0.000000  ,  -0.150001  ,  0.200000  ,  0.000000  ,  -0.150001  ,  -0.200000  ,  0.000000  ,  4
0.000000  ,  0.000000  ,  0.000000  ,  0.000000  ,  0.533332  ,  0.000000  ,  0.000000  ,  0.000000  ,  0.000000  ,  0.200000  ,  -0.266666  ,  0.000000  ,  -0.200000  ,  -0.266666  ,  0.000000  ,  5
0.000000  ,  0.000000  ,  0.000000  ,  0.000000  ,  0.000000  ,  0.000000  ,  0.000000  ,  0.000000  ,  0.000000  ,  0.000000  ,  0.000000  ,  0.000000  ,  0.000000  ,  0.000000  ,  0.000000  ,  6
0.000000  ,  0.000000  ,  0.000000  ,  -0.333333  ,  0.000000  ,  0.000000  ,  0.652907  ,  -0.275366  ,  0.000000  ,  -0.169573  ,  0.075366  ,  0.000000  ,  -0.150001  ,  0.200000  ,  0.000000  ,  7
0.000000  ,  0.000000  ,  0.000000  ,  0.000000  ,  0.000000  ,  0.000000  ,  -0.275366  ,  0.300162  ,  0.000000  ,  0.075366  ,  -0.033496  ,  0.000000  ,  0.200000  ,  -0.266666  ,  0.000000  ,  8
0.000000  ,  0.000000  ,  0.000000  ,  0.000000  ,  0.000000  ,  0.000000  ,  0.000000  ,  0.000000  ,  0.000000  ,  0.000000  ,  0.000000  ,  0.000000  ,  0.000000  ,  0.000000  ,  0.000000  ,  9
-0.150001  ,  -0.200000  ,  0.000000  ,  -0.150001  ,  0.200000  ,  0.000000  ,  -0.169573  ,  0.075366  ,  0.000000  ,  0.802908  ,  -0.075366  ,  0.000000  ,  -0.333333  ,  0.000000  ,  0.000000  ,  10
-0.200000  ,  -0.266666  ,  0.000000  ,  0.200000  ,  -0.266666  ,  0.000000  ,  0.075366  ,  -0.033496  ,  0.000000  ,  -0.075366  ,  0.566828  ,  0.000000  ,  0.000000  ,  0.000000  ,  0.000000  ,  11
0.000000  ,  0.000000  ,  0.000000  ,  0.000000  ,  0.000000  ,  0.000000  ,  0.000000  ,  0.000000  ,  0.000000  ,  0.000000  ,  0.000000  ,  0.000000  ,  0.000000  ,  0.000000  ,  0.000000  ,  12
-0.169573  ,  -0.075366  ,  0.000000  ,  -0.150001  ,  -0.200000  ,  0.000000  ,  -0.150001  ,  0.200000  ,  0.000000  ,  -0.333333  ,  0.000000  ,  0.000000  ,  0.802908  ,  0.075366  ,  0.000000  ,  13
-0.075366  ,  -0.033496  ,  0.000000  ,  -0.200000  ,  -0.266666  ,  0.000000  ,  0.200000  ,  -0.266666  ,  0.000000  ,  0.000000  ,  0.000000  ,  0.000000  ,  0.075366  ,  0.566828  ,  0.000000  ,  14
0.000000  ,  0.000000  ,  0.000000  ,  0.000000  ,  0.000000  ,  0.000000  ,  0.000000  ,  0.000000  ,  0.000000  ,  0.000000  ,  0.000000  ,  0.000000  ,  0.000000  ,  0.000000  ,  0.000000  ,  15

单元刚度矩阵：
杆件1的单元刚度矩阵：
0.333333  ,  0.000000  ,  0.000000  ,  -0.333333  ,  0.000000  ,  0.000000  ,  1
0.000000  ,  0.000000  ,  0.000000  ,  0.000000  ,  0.000000  ,  0.000000  ,  2
0.000000  ,  0.000000  ,  0.000000  ,  0.000000  ,  0.000000  ,  0.000000  ,  3
-0.333333  ,  0.000000  ,  0.000000  ,  0.333333  ,  0.000000  ,  0.000000  ,  4
0.000000  ,  0.000000  ,  0.000000  ,  0.000000  ,  0.000000  ,  0.000000  ,  5
0.000000  ,  0.000000  ,  0.000000  ,  0.000000  ,  0.000000  ,  0.000000  ,  6
杆件2的单元刚度矩阵：
0.333333  ,  0.000000  ,  0.000000  ,  -0.333333  ,  0.000000  ,  0.000000  ,  1
0.000000  ,  0.000000  ,  0.000000  ,  0.000000  ,  0.000000  ,  0.000000  ,  2
0.000000  ,  0.000000  ,  0.000000  ,  0.000000  ,  0.000000  ,  0.000000  ,  3
-0.333333  ,  0.000000  ,  0.000000  ,  0.333333  ,  0.000000  ,  0.000000  ,  4
0.000000  ,  0.000000  ,  0.000000  ,  0.000000  ,  0.000000  ,  0.000000  ,  5
0.000000  ,  0.000000  ,  0.000000  ,  0.000000  ,  0.000000  ,  0.000000  ,  6
杆件3的单元刚度矩阵：
0.150001  ,  0.200000  ,  0.000000  ,  -0.150001  ,  -0.200000  ,  0.000000  ,  1
0.200000  ,  0.266666  ,  0.000000  ,  -0.200000  ,  -0.266666  ,  0.000000  ,  2
0.000000  ,  0.000000  ,  0.000000  ,  0.000000  ,  0.000000  ,  0.000000  ,  3
-0.150001  ,  -0.200000  ,  0.000000  ,  0.150001  ,  0.200000  ,  0.000000  ,  4
-0.200000  ,  -0.266666  ,  0.000000  ,  0.200000  ,  0.266666  ,  0.000000  ,  5
0.000000  ,  0.000000  ,  0.000000  ,  0.000000  ,  0.000000  ,  0.000000  ,  6
杆件4的单元刚度矩阵：
0.150001  ,  -0.200000  ,  0.000000  ,  -0.150001  ,  0.200000  ,  0.000000  ,  1
-0.200000  ,  0.266666  ,  0.000000  ,  0.200000  ,  -0.266666  ,  0.000000  ,  2
0.000000  ,  0.000000  ,  0.000000  ,  0.000000  ,  0.000000  ,  0.000000  ,  3
-0.150001  ,  0.200000  ,  0.000000  ,  0.150001  ,  -0.200000  ,  0.000000  ,  4
0.200000  ,  -0.266666  ,  0.000000  ,  -0.200000  ,  0.266666  ,  0.000000  ,  5
0.000000  ,  0.000000  ,  0.000000  ,  0.000000  ,  0.000000  ,  0.000000  ,  6
杆件5的单元刚度矩阵：
0.150001  ,  0.200000  ,  0.000000  ,  -0.150001  ,  -0.200000  ,  0.000000  ,  1
0.200000  ,  0.266666  ,  0.000000  ,  -0.200000  ,  -0.266666  ,  0.000000  ,  2
0.000000  ,  0.000000  ,  0.000000  ,  0.000000  ,  0.000000  ,  0.000000  ,  3
-0.150001  ,  -0.200000  ,  0.000000  ,  0.150001  ,  0.200000  ,  0.000000  ,  4
-0.200000  ,  -0.266666  ,  0.000000  ,  0.200000  ,  0.266666  ,  0.000000  ,  5
0.000000  ,  0.000000  ,  0.000000  ,  0.000000  ,  0.000000  ,  0.000000  ,  6
杆件6的单元刚度矩阵：
0.150001  ,  -0.200000  ,  0.000000  ,  -0.150001  ,  0.200000  ,  0.000000  ,  1
-0.200000  ,  0.266666  ,  0.000000  ,  0.200000  ,  -0.266666  ,  0.000000  ,  2
0.000000  ,  0.000000  ,  0.000000  ,  0.000000  ,  0.000000  ,  0.000000  ,  3
-0.150001  ,  0.200000  ,  0.000000  ,  0.150001  ,  -0.200000  ,  0.000000  ,  4
0.200000  ,  -0.266666  ,  0.000000  ,  -0.200000  ,  0.266666  ,  0.000000  ,  5
0.000000  ,  0.000000  ,  0.000000  ,  0.000000  ,  0.000000  ,  0.000000  ,  6
杆件7的单元刚度矩阵：
0.333333  ,  0.000000  ,  0.000000  ,  -0.333333  ,  0.000000  ,  0.000000  ,  1
0.000000  ,  0.000000  ,  0.000000  ,  0.000000  ,  0.000000  ,  0.000000  ,  2
0.000000  ,  0.000000  ,  0.000000  ,  0.000000  ,  0.000000  ,  0.000000  ,  3
-0.333333  ,  0.000000  ,  0.000000  ,  0.333333  ,  0.000000  ,  0.000000  ,  4
0.000000  ,  0.000000  ,  0.000000  ,  0.000000  ,  0.000000  ,  0.000000  ,  5
0.000000  ,  0.000000  ,  0.000000  ,  0.000000  ,  0.000000  ,  0.000000  ,  6
杆件8的单元刚度矩阵：
0.169573  ,  0.075366  ,  0.000000  ,  -0.169573  ,  -0.075366  ,  0.000000  ,  1
0.075366  ,  0.033496  ,  0.000000  ,  -0.075366  ,  -0.033496  ,  0.000000  ,  2
0.000000  ,  0.000000  ,  0.000000  ,  0.000000  ,  0.000000  ,  0.000000  ,  3
-0.169573  ,  -0.075366  ,  0.000000  ,  0.169573  ,  0.075366  ,  0.000000  ,  4
-0.075366  ,  -0.033496  ,  0.000000  ,  0.075366  ,  0.033496  ,  0.000000  ,  5
0.000000  ,  0.000000  ,  0.000000  ,  0.000000  ,  0.000000  ,  0.000000  ,  6
杆件9的单元刚度矩阵：
0.169573  ,  -0.075366  ,  0.000000  ,  -0.169573  ,  0.075366  ,  0.000000  ,  1
-0.075366  ,  0.033496  ,  0.000000  ,  0.075366  ,  -0.033496  ,  0.000000  ,  2
0.000000  ,  0.000000  ,  0.000000  ,  0.000000  ,  0.000000  ,  0.000000  ,  3
-0.169573  ,  0.075366  ,  0.000000  ,  0.169573  ,  -0.075366  ,  0.000000  ,  4
0.075366  ,  -0.033496  ,  0.000000  ,  -0.075366  ,  0.033496  ,  0.000000  ,  5
0.000000  ,  0.000000  ,  0.000000  ,  0.000000  ,  0.000000  ,  0.000000  ,  6