各杆力为：
12号杆的力是0.532728 , 0.000000 , 0.000000 , -0.532728 , 0.000000 , 0.000000 , 
23号杆的力是-0.645328 , 0.000000 , 0.000000 , 0.645328 , -0.000000 , 0.000000 , 
14号杆的力是6.693944 , 0.000000 , 0.000000 , -6.693944 , -0.000000 , 0.000000 , 
42号杆的力是-7.231720 , 0.000000 , 0.000000 , 7.231720 , -0.000000 , 0.000000 , 
25号杆的力是-5.268297 , -0.000000 , 0.000000 , 5.268297 , 0.000000 , 0.000000 , 
53号杆的力是3.628901 , -0.000000 , 0.000000 , -3.628901 , 0.000000 , 0.000000 , 
45号杆的力是2.387424 , 0.000000 , 0.000000 , -2.387424 , 0.000000 , 0.000000 , 
15号杆的力是3.229230 , 0.000000 , 0.000000 , -3.229230 , -0.000000 , 0.000000 , 
43号杆的力是1.059294 , 0.000000 , 0.000000 , -1.059294 , 0.000000 , 0.000000 , 

各结点力为：
结点1力：7.500011854414364  ,  6.666663266483909  ,  0.0
结点2力：4.939563554291304e-16  ,  -10.000000000000002  ,  0.0
结点3力：-1.1053787360767343e-16  ,  4.166676499468143  ,  0.0
结点4力：-4.999999999999998  ,  -2.498001805406602e-16  ,  0.0
结点5力：-1.0892143837342064e-15  ,  -2.265887151791144e-15  ,  0.0

各结点位移为：
结点1位移：(0.0  ,  0.0  ,  0.0)
结点2位移：(-1.5981845796332612  ,  -39.66092395101232  ,  0.0)
结点3位移：(0.4222513202161444  ,  0.0  ,  0.0)
结点4位移：(-2.2544696508045785  ,  -18.42318301260934  ,  0.0)
结点5位移：(-9.416740472157615  ,  -17.966744980333665  ,  0.0)

总刚度矩阵为：
0.652667  ,  0.275046  ,  0.000000  ,  -0.333333  ,  0.000000  ,  0.000000  ,  0.000000  ,  0.000000  ,  0.000000  ,  -0.149761  ,  -0.199680  ,  0.000000  ,  -0.169573  ,  -0.075366  ,  0.000000  ,  1
0.275046  ,  0.299735  ,  0.000000  ,  0.000000  ,  0.000000  ,  0.000000  ,  0.000000  ,  0.000000  ,  0.000000  ,  -0.199680  ,  -0.266239  ,  0.000000  ,  -0.075366  ,  -0.033496  ,  0.000000  ,  2
0.000000  ,  0.000000  ,  0.000000  ,  0.000000  ,  0.000000  ,  0.000000  ,  0.000000  ,  0.000000  ,  0.000000  ,  0.000000  ,  0.000000  ,  0.000000  ,  0.000000  ,  0.000000  ,  0.000000  ,  3
-0.333333  ,  0.000000  ,  0.000000  ,  0.966188  ,  0.000000  ,  0.000000  ,  -0.266666  ,  0.200000  ,  0.000000  ,  -0.149761  ,  0.199680  ,  0.000000  ,  -0.149761  ,  -0.199680  ,  0.000000  ,  4
0.000000  ,  0.000000  ,  0.000000  ,  0.000000  ,  0.532479  ,  0.000000  ,  0.000000  ,  0.000000  ,  0.000000  ,  0.199680  ,  -0.266239  ,  0.000000  ,  -0.199680  ,  -0.266239  ,  0.000000  ,  5
0.000000  ,  0.000000  ,  0.000000  ,  0.000000  ,  0.000000  ,  0.000000  ,  0.000000  ,  0.000000  ,  0.000000  ,  0.000000  ,  0.000000  ,  0.000000  ,  0.000000  ,  0.000000  ,  0.000000  ,  6
0.000000  ,  0.000000  ,  0.000000  ,  -0.266666  ,  0.000000  ,  0.000000  ,  0.261567  ,  -0.246420  ,  0.000000  ,  -0.090439  ,  0.040195  ,  0.000000  ,  0.000000  ,  -0.000000  ,  0.000000  ,  7
0.000000  ,  0.000000  ,  0.000000  ,  0.200000  ,  0.000000  ,  0.000000  ,  -0.246420  ,  0.690836  ,  0.000000  ,  0.162037  ,  -0.072016  ,  0.000000  ,  0.249601  ,  -0.332800  ,  0.000000  ,  8
0.000000  ,  0.000000  ,  0.000000  ,  0.000000  ,  0.000000  ,  0.000000  ,  0.000000  ,  0.000000  ,  0.000000  ,  0.000000  ,  0.000000  ,  0.000000  ,  0.000000  ,  0.000000  ,  0.000000  ,  9
-0.149761  ,  -0.199680  ,  0.000000  ,  -0.149761  ,  0.199680  ,  0.000000  ,  -0.090439  ,  0.162037  ,  0.000000  ,  0.802428  ,  -0.075366  ,  0.000000  ,  -0.333333  ,  0.000000  ,  0.000000  ,  10
-0.199680  ,  -0.266239  ,  0.000000  ,  0.199680  ,  -0.266239  ,  0.000000  ,  0.040195  ,  -0.072016  ,  0.000000  ,  -0.075366  ,  0.565975  ,  0.000000  ,  0.000000  ,  0.000000  ,  0.000000  ,  11
0.000000  ,  0.000000  ,  0.000000  ,  0.000000  ,  0.000000  ,  0.000000  ,  0.000000  ,  0.000000  ,  0.000000  ,  0.000000  ,  0.000000  ,  0.000000  ,  0.000000  ,  0.000000  ,  0.000000  ,  12
-0.169573  ,  -0.075366  ,  0.000000  ,  -0.149761  ,  -0.199680  ,  0.000000  ,  0.000000  ,  0.249601  ,  0.000000  ,  -0.333333  ,  0.000000  ,  0.000000  ,  0.802428  ,  0.075366  ,  0.000000  ,  13
-0.075366  ,  -0.033496  ,  0.000000  ,  -0.199680  ,  -0.266239  ,  0.000000  ,  -0.000000  ,  -0.332800  ,  0.000000  ,  0.000000  ,  0.000000  ,  0.000000  ,  0.075366  ,  0.565975  ,  0.000000  ,  14
0.000000  ,  0.000000  ,  0.000000  ,  0.000000  ,  0.000000  ,  0.000000  ,  0.000000  ,  0.000000  ,  0.000000  ,  0.000000  ,  0.000000  ,  0.000000  ,  0.000000  ,  0.000000  ,  0.000000  ,  15

单元刚度矩阵：
杆件1的单元刚度矩阵：
0.333333  ,  0.000000  ,  0.000000  ,  -0.333333  ,  0.000000  ,  0.000000  ,  1
0.000000  ,  0.000000  ,  0.000000  ,  0.000000  ,  0.000000  ,  0.000000  ,  2
0.000000  ,  0.000000  ,  0.000000  ,  0.000000  ,  0.000000  ,  0.000000  ,  3
-0.333333  ,  0.000000  ,  0.000000  ,  0.333333  ,  0.000000  ,  0.000000  ,  4
0.000000  ,  0.000000  ,  0.000000  ,  0.000000  ,  0.000000  ,  0.000000  ,  5
0.000000  ,  0.000000  ,  0.000000  ,  0.000000  ,  0.000000  ,  0.000000  ,  6
杆件2的单元刚度矩阵：
0.333333  ,  0.000000  ,  0.000000  ,  -0.266666  ,  0.200000  ,  0.000000  ,  1
0.000000  ,  0.000000  ,  0.000000  ,  0.000000  ,  0.000000  ,  0.000000  ,  2
0.000000  ,  0.000000  ,  0.000000  ,  0.000000  ,  0.000000  ,  0.000000  ,  3
-0.266666  ,  0.000000  ,  0.000000  ,  0.213333  ,  -0.160000  ,  0.000000  ,  4
0.200000  ,  0.000000  ,  0.000000  ,  -0.160000  ,  0.120001  ,  0.000000  ,  5
0.000000  ,  0.000000  ,  0.000000  ,  0.000000  ,  0.000000  ,  0.000000  ,  6
杆件3的单元刚度矩阵：
0.149761  ,  0.199680  ,  0.000000  ,  -0.149761  ,  -0.199680  ,  0.000000  ,  1
0.199680  ,  0.266239  ,  0.000000  ,  -0.199680  ,  -0.266239  ,  0.000000  ,  2
0.000000  ,  0.000000  ,  0.000000  ,  0.000000  ,  0.000000  ,  0.000000  ,  3
-0.149761  ,  -0.199680  ,  0.000000  ,  0.149761  ,  0.199680  ,  0.000000  ,  4
-0.199680  ,  -0.266239  ,  0.000000  ,  0.199680  ,  0.266239  ,  0.000000  ,  5
0.000000  ,  0.000000  ,  0.000000  ,  0.000000  ,  0.000000  ,  0.000000  ,  6
杆件4的单元刚度矩阵：
0.149761  ,  -0.199680  ,  0.000000  ,  -0.149761  ,  0.199680  ,  0.000000  ,  1
-0.199680  ,  0.266239  ,  0.000000  ,  0.199680  ,  -0.266239  ,  0.000000  ,  2
0.000000  ,  0.000000  ,  0.000000  ,  0.000000  ,  0.000000  ,  0.000000  ,  3
-0.149761  ,  0.199680  ,  0.000000  ,  0.149761  ,  -0.199680  ,  0.000000  ,  4
0.199680  ,  -0.266239  ,  0.000000  ,  -0.199680  ,  0.266239  ,  0.000000  ,  5
0.000000  ,  0.000000  ,  0.000000  ,  0.000000  ,  0.000000  ,  0.000000  ,  6
杆件5的单元刚度矩阵：
0.149761  ,  0.199680  ,  0.000000  ,  -0.149761  ,  -0.199680  ,  0.000000  ,  1
0.199680  ,  0.266239  ,  0.000000  ,  -0.199680  ,  -0.266239  ,  0.000000  ,  2
0.000000  ,  0.000000  ,  0.000000  ,  0.000000  ,  0.000000  ,  0.000000  ,  3
-0.149761  ,  -0.199680  ,  0.000000  ,  0.149761  ,  0.199680  ,  0.000000  ,  4
-0.199680  ,  -0.266239  ,  0.000000  ,  0.199680  ,  0.266239  ,  0.000000  ,  5
0.000000  ,  0.000000  ,  0.000000  ,  0.000000  ,  0.000000  ,  0.000000  ,  6
杆件6的单元刚度矩阵：
0.149761  ,  -0.199680  ,  0.000000  ,  0.000000  ,  0.249601  ,  0.000000  ,  1
-0.199680  ,  0.266239  ,  0.000000  ,  -0.000000  ,  -0.332800  ,  0.000000  ,  2
0.000000  ,  0.000000  ,  0.000000  ,  0.000000  ,  0.000000  ,  0.000000  ,  3
0.000000  ,  -0.000000  ,  0.000000  ,  0.000000  ,  0.000000  ,  0.000000  ,  4
0.249601  ,  -0.332800  ,  0.000000  ,  0.000000  ,  0.416000  ,  0.000000  ,  5
0.000000  ,  0.000000  ,  0.000000  ,  0.000000  ,  0.000000  ,  0.000000  ,  6
杆件7的单元刚度矩阵：
0.333333  ,  0.000000  ,  0.000000  ,  -0.333333  ,  0.000000  ,  0.000000  ,  1
0.000000  ,  0.000000  ,  0.000000  ,  0.000000  ,  0.000000  ,  0.000000  ,  2
0.000000  ,  0.000000  ,  0.000000  ,  0.000000  ,  0.000000  ,  0.000000  ,  3
-0.333333  ,  0.000000  ,  0.000000  ,  0.333333  ,  0.000000  ,  0.000000  ,  4
0.000000  ,  0.000000  ,  0.000000  ,  0.000000  ,  0.000000  ,  0.000000  ,  5
0.000000  ,  0.000000  ,  0.000000  ,  0.000000  ,  0.000000  ,  0.000000  ,  6
杆件8的单元刚度矩阵：
0.169573  ,  0.075366  ,  0.000000  ,  -0.169573  ,  -0.075366  ,  0.000000  ,  1
0.075366  ,  0.033496  ,  0.000000  ,  -0.075366  ,  -0.033496  ,  0.000000  ,  2
0.000000  ,  0.000000  ,  0.000000  ,  0.000000  ,  0.000000  ,  0.000000  ,  3
-0.169573  ,  -0.075366  ,  0.000000  ,  0.169573  ,  0.075366  ,  0.000000  ,  4
-0.075366  ,  -0.033496  ,  0.000000  ,  0.075366  ,  0.033496  ,  0.000000  ,  5
0.000000  ,  0.000000  ,  0.000000  ,  0.000000  ,  0.000000  ,  0.000000  ,  6
杆件9的单元刚度矩阵：
0.169573  ,  -0.075366  ,  0.000000  ,  -0.090439  ,  0.162037  ,  0.000000  ,  1
-0.075366  ,  0.033496  ,  0.000000  ,  0.040195  ,  -0.072016  ,  0.000000  ,  2
0.000000  ,  0.000000  ,  0.000000  ,  0.000000  ,  0.000000  ,  0.000000  ,  3
-0.090439  ,  0.040195  ,  0.000000  ,  0.048234  ,  -0.086419  ,  0.000000  ,  4
0.162037  ,  -0.072016  ,  0.000000  ,  -0.086419  ,  0.154835  ,  0.000000  ,  5
0.000000  ,  0.000000  ,  0.000000  ,  0.000000  ,  0.000000  ,  0.000000  ,  6
